36, 2020-02-02, 1922, 1, Light Bulb, 12.99, 2, 25.98, 3.87, 29.88
36, 2020-02-02, 1922, 2, Light Bulb, 12.99, 2, 25.98, 3.87, 29.88
42, 2020-03-03, 1924, 1, Brake Fluid, 54.00, .75, 40.50, 6.08, 46.58
57, 2020-04-04, 1931, 3, Brake Fluid, 54.00, .75, 40.50, 6.08, 46.58
66, 2020-05-05, 1929, 2, Brake Fluid, 54.00, .75, 40.50, 6.08, 46.58
87, 2020-06-06, 1930, 3, Light Bulb, 12.99, 2, 25.98, 3.87, 29.88
94, 2021-02-02, 1922, 4, Light Bulb, 12.99, 2, 25.98, 3.87, 29.88
101, 2021-03-03, 1924, 1, Winter Tires, 150.00, 4, 600.00, 120.00, 720.00
102, 2021-04-04, 1929, 2, Winter Tires, 150.00, 4, 600.00, 120.00, 720.00
102, 2021-04-04, 1929, 3, Winter Tires, 150.00, 4, 600.00, 120.00, 720.00
120, 2021-06-06, 1930, 4, Winter Tires, 150.00, 4, 600.00, 120.00, 720.00